0.0100  154.0000
    0.0103  149.0000
    0.0107  144.0000
    0.0110  140.0000
    0.0114  136.0000
    0.0117  132.0000
    0.0121  129.0000
    0.0124  125.0000
    0.0128  122.0000
    0.0131  119.0000
    0.0134  116.0000
    0.0138  113.0000
    0.0141  111.0000
    0.0145  108.0000
    0.0148  106.0000
    0.0152  103.0000
    0.0155  101.0000
    0.0159   99.0000
    0.0162   97.0000
    0.0166   95.0000
    0.0169   93.0000
    0.0172   91.0000
    0.0176   90.0000
    0.0179   88.0000
    0.0183   86.0000
    0.0186   85.0000
    0.0190   83.0000
    0.0193   82.0000
    0.0197   80.0000
    0.0200   79.0000